129 -1 #SUP: 78
4 -1 #SUP: 80
8 -1 #SUP: 282
8 -1 8 -1 #SUP: 77
8 -1 10 -1 #SUP: 166
8 -1 10 -1 10 -1 #SUP: 85
8 -1 10 -1 10 -1 46 -1 #SUP: 52
8 -1 10 -1 31 -1 #SUP: 60
8 -1 10 -1 46 -1 #SUP: 98
8 -1 10 -1 46 -1 10 -1 #SUP: 59
8 -1 31 -1 #SUP: 113
8 -1 31 -1 10 -1 #SUP: 59
8 -1 38 -1 #SUP: 61
8 -1 46 -1 #SUP: 112
8 -1 46 -1 10 -1 #SUP: 66
8 -1 22 -1 #SUP: 69
10 -1 #SUP: 691
10 -1 8 -1 #SUP: 136
10 -1 8 -1 31 -1 #SUP: 50
10 -1 8 -1 46 -1 #SUP: 57
10 -1 8 -1 10 -1 #SUP: 81
10 -1 10 -1 #SUP: 425
10 -1 10 -1 8 -1 #SUP: 83
10 -1 10 -1 10 -1 #SUP: 228
10 -1 10 -1 10 -1 10 -1 #SUP: 125
10 -1 10 -1 10 -1 10 -1 10 -1 #SUP: 65
10 -1 10 -1 10 -1 10 -1 46 -1 #SUP: 63
10 -1 10 -1 10 -1 31 -1 #SUP: 89
10 -1 10 -1 10 -1 31 -1 10 -1 #SUP: 59
10 -1 10 -1 10 -1 46 -1 #SUP: 111
10 -1 10 -1 10 -1 46 -1 10 -1 #SUP: 74
10 -1 10 -1 31 -1 #SUP: 166
10 -1 10 -1 31 -1 10 -1 #SUP: 114
10 -1 10 -1 31 -1 10 -1 10 -1 #SUP: 59
10 -1 10 -1 31 -1 10 -1 46 -1 #SUP: 55
10 -1 10 -1 31 -1 31 -1 #SUP: 70
10 -1 10 -1 31 -1 46 -1 #SUP: 68
10 -1 10 -1 38 -1 #SUP: 74
10 -1 10 -1 38 -1 10 -1 #SUP: 52
10 -1 10 -1 46 -1 #SUP: 233
10 -1 10 -1 46 -1 10 -1 #SUP: 144
10 -1 10 -1 46 -1 10 -1 31 -1 #SUP: 55
10 -1 10 -1 46 -1 10 -1 10 -1 #SUP: 83
10 -1 10 -1 46 -1 10 -1 46 -1 #SUP: 71
10 -1 10 -1 46 -1 31 -1 #SUP: 75
10 -1 10 -1 46 -1 46 -1 #SUP: 78
10 -1 10 -1 22 -1 #SUP: 81
10 -1 10 -1 22 -1 10 -1 #SUP: 52
10 -1 10 -1 406 -1 #SUP: 55
10 -1 150 -1 #SUP: 100
10 -1 150 -1 10 -1 #SUP: 61
10 -1 23 -1 #SUP: 65
10 -1 31 -1 #SUP: 321
10 -1 31 -1 8 -1 #SUP: 75
10 -1 31 -1 10 -1 #SUP: 210
10 -1 31 -1 10 -1 10 -1 #SUP: 113
10 -1 31 -1 10 -1 10 -1 10 -1 #SUP: 52
10 -1 31 -1 10 -1 31 -1 #SUP: 78
10 -1 31 -1 10 -1 31 -1 10 -1 #SUP: 54
10 -1 31 -1 10 -1 46 -1 #SUP: 110
10 -1 31 -1 10 -1 46 -1 10 -1 #SUP: 68
10 -1 31 -1 31 -1 #SUP: 131
10 -1 31 -1 31 -1 10 -1 #SUP: 75
10 -1 31 -1 31 -1 31 -1 #SUP: 59
10 -1 31 -1 38 -1 #SUP: 70
10 -1 31 -1 46 -1 #SUP: 133
10 -1 31 -1 46 -1 10 -1 #SUP: 85
10 -1 31 -1 22 -1 #SUP: 56
10 -1 38 -1 #SUP: 127
10 -1 38 -1 10 -1 #SUP: 89
10 -1 38 -1 10 -1 46 -1 #SUP: 55
10 -1 38 -1 31 -1 #SUP: 52
10 -1 38 -1 46 -1 #SUP: 56
10 -1 1069 -1 #SUP: 50
10 -1 46 -1 #SUP: 411
10 -1 46 -1 8 -1 #SUP: 80
10 -1 46 -1 10 -1 #SUP: 277
10 -1 46 -1 10 -1 31 -1 #SUP: 107
10 -1 46 -1 10 -1 31 -1 10 -1 #SUP: 73
10 -1 46 -1 10 -1 46 -1 #SUP: 154
10 -1 46 -1 10 -1 46 -1 46 -1 #SUP: 60
10 -1 46 -1 10 -1 46 -1 10 -1 #SUP: 91
10 -1 46 -1 10 -1 46 -1 10 -1 10 -1 #SUP: 52
10 -1 46 -1 10 -1 46 -1 10 -1 46 -1 #SUP: 55
10 -1 46 -1 10 -1 10 -1 #SUP: 150
10 -1 46 -1 10 -1 10 -1 31 -1 #SUP: 56
10 -1 46 -1 10 -1 10 -1 10 -1 #SUP: 84
10 -1 46 -1 10 -1 10 -1 46 -1 #SUP: 83
10 -1 46 -1 10 -1 10 -1 46 -1 10 -1 #SUP: 57
10 -1 46 -1 10 -1 22 -1 #SUP: 53
10 -1 46 -1 150 -1 #SUP: 50
10 -1 46 -1 31 -1 #SUP: 171
10 -1 46 -1 31 -1 10 -1 #SUP: 109
10 -1 46 -1 31 -1 10 -1 10 -1 #SUP: 59
10 -1 46 -1 31 -1 10 -1 46 -1 #SUP: 65
10 -1 46 -1 31 -1 31 -1 #SUP: 73
10 -1 46 -1 31 -1 46 -1 #SUP: 77
10 -1 46 -1 46 -1 #SUP: 168
10 -1 46 -1 46 -1 10 -1 #SUP: 104
10 -1 46 -1 46 -1 10 -1 46 -1 #SUP: 66
10 -1 46 -1 46 -1 10 -1 10 -1 #SUP: 56
10 -1 46 -1 46 -1 46 -1 #SUP: 70
10 -1 46 -1 46 -1 31 -1 #SUP: 51
10 -1 46 -1 22 -1 #SUP: 75
10 -1 46 -1 38 -1 #SUP: 62
10 -1 456 -1 #SUP: 82
10 -1 113 -1 #SUP: 62
10 -1 125 -1 #SUP: 69
10 -1 669 -1 #SUP: 62
10 -1 406 -1 #SUP: 107
10 -1 392 -1 #SUP: 75
10 -1 41 -1 #SUP: 66
10 -1 121 -1 #SUP: 74
10 -1 14 -1 #SUP: 51
10 -1 22 -1 #SUP: 153
10 -1 22 -1 10 -1 #SUP: 96
10 -1 22 -1 10 -1 46 -1 #SUP: 51
10 -1 22 -1 31 -1 #SUP: 53
10 -1 22 -1 46 -1 #SUP: 60
10 -1 61 -1 #SUP: 69
10 -1 267 -1 #SUP: 76
10 -1 78 -1 #SUP: 57
10 -1 384 -1 #SUP: 66
10 -1 43 -1 #SUP: 63
10 -1 55 -1 #SUP: 57
10 -1 218 -1 #SUP: 53
10 -1 15 -1 #SUP: 69
10 -1 59 -1 #SUP: 61
15 -1 #SUP: 148
15 -1 10 -1 #SUP: 63
783 -1 #SUP: 87
150 -1 #SUP: 197
150 -1 10 -1 #SUP: 103
150 -1 10 -1 46 -1 #SUP: 59
150 -1 31 -1 #SUP: 71
150 -1 46 -1 #SUP: 72
23 -1 #SUP: 96
23 -1 10 -1 #SUP: 60
31 -1 #SUP: 585
31 -1 8 -1 #SUP: 137
31 -1 8 -1 10 -1 #SUP: 71
31 -1 10 -1 #SUP: 331
31 -1 10 -1 8 -1 #SUP: 59
31 -1 10 -1 10 -1 #SUP: 179
31 -1 10 -1 10 -1 10 -1 #SUP: 88
31 -1 10 -1 10 -1 46 -1 #SUP: 82
31 -1 10 -1 10 -1 31 -1 #SUP: 70
31 -1 10 -1 31 -1 #SUP: 133
31 -1 10 -1 31 -1 10 -1 #SUP: 93
31 -1 10 -1 31 -1 31 -1 #SUP: 63
31 -1 10 -1 46 -1 #SUP: 184
31 -1 10 -1 46 -1 10 -1 #SUP: 116
31 -1 10 -1 46 -1 10 -1 10 -1 #SUP: 60
31 -1 10 -1 46 -1 10 -1 46 -1 #SUP: 50
31 -1 10 -1 46 -1 31 -1 #SUP: 65
31 -1 10 -1 46 -1 46 -1 #SUP: 55
31 -1 10 -1 22 -1 #SUP: 54
31 -1 10 -1 38 -1 #SUP: 54
31 -1 150 -1 #SUP: 77
31 -1 31 -1 #SUP: 248
31 -1 31 -1 8 -1 #SUP: 59
31 -1 31 -1 10 -1 #SUP: 137
31 -1 31 -1 10 -1 10 -1 #SUP: 71
31 -1 31 -1 10 -1 31 -1 #SUP: 66
31 -1 31 -1 10 -1 46 -1 #SUP: 64
31 -1 31 -1 31 -1 #SUP: 117
31 -1 31 -1 31 -1 10 -1 #SUP: 58
31 -1 31 -1 38 -1 #SUP: 58
31 -1 31 -1 46 -1 #SUP: 80
31 -1 31 -1 46 -1 10 -1 #SUP: 51
31 -1 38 -1 #SUP: 135
31 -1 38 -1 10 -1 #SUP: 79
31 -1 46 -1 #SUP: 232
31 -1 46 -1 10 -1 #SUP: 139
31 -1 46 -1 10 -1 31 -1 #SUP: 57
31 -1 46 -1 10 -1 10 -1 #SUP: 74
31 -1 46 -1 10 -1 46 -1 #SUP: 61
31 -1 46 -1 31 -1 #SUP: 85
31 -1 46 -1 31 -1 10 -1 #SUP: 58
31 -1 46 -1 46 -1 #SUP: 71
31 -1 456 -1 #SUP: 81
31 -1 125 -1 #SUP: 79
31 -1 384 -1 #SUP: 63
31 -1 267 -1 #SUP: 66
31 -1 14 -1 #SUP: 53
31 -1 22 -1 #SUP: 104
31 -1 22 -1 10 -1 #SUP: 61
31 -1 669 -1 #SUP: 58
31 -1 113 -1 #SUP: 65
31 -1 121 -1 #SUP: 74
31 -1 218 -1 #SUP: 58
31 -1 43 -1 #SUP: 60
31 -1 55 -1 #SUP: 50
31 -1 61 -1 #SUP: 66
31 -1 15 -1 #SUP: 64
31 -1 59 -1 #SUP: 52
38 -1 #SUP: 269
38 -1 10 -1 #SUP: 165
38 -1 10 -1 10 -1 #SUP: 87
38 -1 10 -1 10 -1 46 -1 #SUP: 51
38 -1 10 -1 31 -1 #SUP: 62
38 -1 10 -1 46 -1 #SUP: 101
38 -1 10 -1 46 -1 10 -1 #SUP: 52
38 -1 31 -1 #SUP: 112
38 -1 31 -1 10 -1 #SUP: 61
38 -1 46 -1 #SUP: 107
38 -1 46 -1 10 -1 #SUP: 54
38 -1 22 -1 #SUP: 52
38 -1 38 -1 #SUP: 54
427 -1 #SUP: 75
1069 -1 #SUP: 56
46 -1 #SUP: 503
46 -1 8 -1 #SUP: 102
46 -1 8 -1 10 -1 #SUP: 59
46 -1 10 -1 #SUP: 335
46 -1 10 -1 8 -1 #SUP: 59
46 -1 10 -1 31 -1 #SUP: 135
46 -1 10 -1 31 -1 10 -1 #SUP: 92
46 -1 10 -1 31 -1 10 -1 10 -1 #SUP: 52
46 -1 10 -1 31 -1 10 -1 46 -1 #SUP: 54
46 -1 10 -1 31 -1 31 -1 #SUP: 52
46 -1 10 -1 31 -1 46 -1 #SUP: 64
46 -1 10 -1 46 -1 #SUP: 191
46 -1 10 -1 46 -1 10 -1 #SUP: 111
46 -1 10 -1 46 -1 10 -1 10 -1 #SUP: 62
46 -1 10 -1 46 -1 10 -1 46 -1 #SUP: 63
46 -1 10 -1 46 -1 31 -1 #SUP: 60
46 -1 10 -1 46 -1 46 -1 #SUP: 69
46 -1 10 -1 10 -1 #SUP: 181
46 -1 10 -1 10 -1 31 -1 #SUP: 67
46 -1 10 -1 10 -1 10 -1 #SUP: 102
46 -1 10 -1 10 -1 10 -1 46 -1 #SUP: 56
46 -1 10 -1 10 -1 10 -1 10 -1 #SUP: 53
46 -1 10 -1 10 -1 46 -1 #SUP: 105
46 -1 10 -1 10 -1 46 -1 10 -1 #SUP: 69
46 -1 10 -1 22 -1 #SUP: 66
46 -1 23 -1 #SUP: 50
46 -1 150 -1 #SUP: 63
46 -1 125 -1 #SUP: 55
46 -1 31 -1 #SUP: 219
46 -1 31 -1 10 -1 #SUP: 135
46 -1 31 -1 10 -1 31 -1 #SUP: 51
46 -1 31 -1 10 -1 10 -1 #SUP: 73
46 -1 31 -1 10 -1 46 -1 #SUP: 82
46 -1 31 -1 10 -1 46 -1 10 -1 #SUP: 51
46 -1 31 -1 31 -1 #SUP: 88
46 -1 31 -1 46 -1 #SUP: 101
46 -1 31 -1 46 -1 10 -1 #SUP: 64
46 -1 46 -1 #SUP: 215
46 -1 46 -1 10 -1 #SUP: 127
46 -1 46 -1 10 -1 46 -1 #SUP: 76
46 -1 46 -1 10 -1 10 -1 #SUP: 68
46 -1 46 -1 46 -1 #SUP: 84
46 -1 46 -1 31 -1 #SUP: 68
46 -1 392 -1 #SUP: 53
46 -1 121 -1 #SUP: 57
46 -1 38 -1 #SUP: 85
46 -1 38 -1 10 -1 #SUP: 58
46 -1 22 -1 #SUP: 95
46 -1 22 -1 10 -1 #SUP: 61
46 -1 456 -1 #SUP: 57
178 -1 #SUP: 69
456 -1 #SUP: 186
456 -1 10 -1 #SUP: 94
456 -1 10 -1 46 -1 #SUP: 50
456 -1 31 -1 #SUP: 68
456 -1 46 -1 #SUP: 64
456 -1 15 -1 #SUP: 73
456 -1 456 -1 #SUP: 54
738 -1 #SUP: 309
738 -1 8 -1 #SUP: 102
738 -1 8 -1 10 -1 #SUP: 63
738 -1 10 -1 #SUP: 235
738 -1 10 -1 8 -1 #SUP: 56
738 -1 10 -1 10 -1 #SUP: 156
738 -1 10 -1 10 -1 10 -1 #SUP: 95
738 -1 10 -1 10 -1 10 -1 10 -1 #SUP: 56
738 -1 10 -1 10 -1 31 -1 #SUP: 67
738 -1 10 -1 10 -1 46 -1 #SUP: 92
738 -1 10 -1 10 -1 46 -1 10 -1 #SUP: 67
738 -1 10 -1 31 -1 #SUP: 122
738 -1 10 -1 31 -1 10 -1 #SUP: 74
738 -1 10 -1 31 -1 31 -1 #SUP: 53
738 -1 10 -1 46 -1 #SUP: 143
738 -1 10 -1 46 -1 10 -1 #SUP: 105
738 -1 10 -1 46 -1 10 -1 46 -1 #SUP: 61
738 -1 10 -1 46 -1 10 -1 10 -1 #SUP: 61
738 -1 10 -1 46 -1 31 -1 #SUP: 65
738 -1 10 -1 46 -1 46 -1 #SUP: 63
738 -1 10 -1 22 -1 #SUP: 57
738 -1 150 -1 #SUP: 87
738 -1 31 -1 #SUP: 183
738 -1 31 -1 10 -1 #SUP: 102
738 -1 31 -1 10 -1 10 -1 #SUP: 61
738 -1 31 -1 10 -1 46 -1 #SUP: 60
738 -1 31 -1 31 -1 #SUP: 85
738 -1 31 -1 46 -1 #SUP: 74
738 -1 38 -1 #SUP: 80
738 -1 46 -1 #SUP: 161
738 -1 46 -1 10 -1 #SUP: 117
738 -1 46 -1 10 -1 31 -1 #SUP: 52
738 -1 46 -1 10 -1 10 -1 #SUP: 73
738 -1 46 -1 10 -1 46 -1 #SUP: 69
738 -1 46 -1 31 -1 #SUP: 76
738 -1 46 -1 46 -1 #SUP: 72
738 -1 46 -1 46 -1 10 -1 #SUP: 51
738 -1 113 -1 #SUP: 57
738 -1 719 -1 #SUP: 66
738 -1 121 -1 #SUP: 50
738 -1 267 -1 #SUP: 94
738 -1 267 -1 10 -1 #SUP: 55
738 -1 14 -1 #SUP: 58
738 -1 22 -1 #SUP: 95
738 -1 22 -1 10 -1 #SUP: 56
356 -1 #SUP: 710
356 -1 129 -1 #SUP: 56
356 -1 4 -1 #SUP: 54
356 -1 8 -1 #SUP: 219
356 -1 8 -1 8 -1 #SUP: 63
356 -1 8 -1 10 -1 #SUP: 133
356 -1 8 -1 10 -1 10 -1 #SUP: 72
356 -1 8 -1 10 -1 31 -1 #SUP: 52
356 -1 8 -1 10 -1 46 -1 #SUP: 84
356 -1 8 -1 10 -1 46 -1 10 -1 #SUP: 53
356 -1 8 -1 31 -1 #SUP: 94
356 -1 8 -1 31 -1 10 -1 #SUP: 50
356 -1 8 -1 38 -1 #SUP: 50
356 -1 8 -1 46 -1 #SUP: 96
356 -1 8 -1 46 -1 10 -1 #SUP: 57
356 -1 8 -1 22 -1 #SUP: 56
356 -1 10 -1 #SUP: 505
356 -1 10 -1 8 -1 #SUP: 107
356 -1 10 -1 8 -1 10 -1 #SUP: 67
356 -1 10 -1 10 -1 #SUP: 330
356 -1 10 -1 10 -1 8 -1 #SUP: 69
356 -1 10 -1 10 -1 10 -1 #SUP: 186
356 -1 10 -1 10 -1 10 -1 10 -1 #SUP: 107
356 -1 10 -1 10 -1 10 -1 10 -1 10 -1 #SUP: 58
356 -1 10 -1 10 -1 10 -1 10 -1 46 -1 #SUP: 56
356 -1 10 -1 10 -1 10 -1 31 -1 #SUP: 75
356 -1 10 -1 10 -1 10 -1 31 -1 10 -1 #SUP: 51
356 -1 10 -1 10 -1 10 -1 46 -1 #SUP: 99
356 -1 10 -1 10 -1 10 -1 46 -1 10 -1 #SUP: 66
356 -1 10 -1 10 -1 31 -1 #SUP: 138
356 -1 10 -1 10 -1 31 -1 10 -1 #SUP: 93
356 -1 10 -1 10 -1 31 -1 10 -1 10 -1 #SUP: 52
356 -1 10 -1 10 -1 31 -1 31 -1 #SUP: 64
356 -1 10 -1 10 -1 31 -1 46 -1 #SUP: 59
356 -1 10 -1 10 -1 38 -1 #SUP: 65
356 -1 10 -1 10 -1 46 -1 #SUP: 195
356 -1 10 -1 10 -1 46 -1 10 -1 #SUP: 122
356 -1 10 -1 10 -1 46 -1 10 -1 31 -1 #SUP: 50
356 -1 10 -1 10 -1 46 -1 10 -1 10 -1 #SUP: 74
356 -1 10 -1 10 -1 46 -1 10 -1 46 -1 #SUP: 66
356 -1 10 -1 10 -1 46 -1 31 -1 #SUP: 67
356 -1 10 -1 10 -1 46 -1 46 -1 #SUP: 72
356 -1 10 -1 10 -1 22 -1 #SUP: 74
356 -1 10 -1 150 -1 #SUP: 82
356 -1 10 -1 150 -1 10 -1 #SUP: 51
356 -1 10 -1 23 -1 #SUP: 59
356 -1 10 -1 31 -1 #SUP: 257
356 -1 10 -1 31 -1 8 -1 #SUP: 63
356 -1 10 -1 31 -1 10 -1 #SUP: 169
356 -1 10 -1 31 -1 10 -1 10 -1 #SUP: 92
356 -1 10 -1 31 -1 10 -1 31 -1 #SUP: 66
356 -1 10 -1 31 -1 10 -1 46 -1 #SUP: 92
356 -1 10 -1 31 -1 10 -1 46 -1 10 -1 #SUP: 56
356 -1 10 -1 31 -1 31 -1 #SUP: 112
356 -1 10 -1 31 -1 31 -1 10 -1 #SUP: 64
356 -1 10 -1 31 -1 31 -1 31 -1 #SUP: 52
356 -1 10 -1 31 -1 38 -1 #SUP: 60
356 -1 10 -1 31 -1 46 -1 #SUP: 111
356 -1 10 -1 31 -1 46 -1 10 -1 #SUP: 70
356 -1 10 -1 31 -1 22 -1 #SUP: 50
356 -1 10 -1 38 -1 #SUP: 101
356 -1 10 -1 38 -1 10 -1 #SUP: 72
356 -1 10 -1 46 -1 #SUP: 314
356 -1 10 -1 46 -1 8 -1 #SUP: 67
356 -1 10 -1 46 -1 10 -1 #SUP: 220
356 -1 10 -1 46 -1 10 -1 31 -1 #SUP: 93
356 -1 10 -1 46 -1 10 -1 31 -1 10 -1 #SUP: 62
356 -1 10 -1 46 -1 10 -1 46 -1 #SUP: 133
356 -1 10 -1 46 -1 10 -1 46 -1 46 -1 #SUP: 56
356 -1 10 -1 46 -1 10 -1 46 -1 10 -1 #SUP: 79
356 -1 10 -1 46 -1 10 -1 46 -1 10 -1 46 -1 #SUP: 51
356 -1 10 -1 46 -1 10 -1 10 -1 #SUP: 123
356 -1 10 -1 46 -1 10 -1 10 -1 31 -1 #SUP: 51
356 -1 10 -1 46 -1 10 -1 10 -1 10 -1 #SUP: 74
356 -1 10 -1 46 -1 10 -1 10 -1 46 -1 #SUP: 73
356 -1 10 -1 46 -1 10 -1 10 -1 46 -1 10 -1 #SUP: 51
356 -1 10 -1 46 -1 31 -1 #SUP: 143
356 -1 10 -1 46 -1 31 -1 10 -1 #SUP: 94
356 -1 10 -1 46 -1 31 -1 10 -1 10 -1 #SUP: 51
356 -1 10 -1 46 -1 31 -1 10 -1 46 -1 #SUP: 55
356 -1 10 -1 46 -1 31 -1 31 -1 #SUP: 68
356 -1 10 -1 46 -1 31 -1 46 -1 #SUP: 66
356 -1 10 -1 46 -1 46 -1 #SUP: 144
356 -1 10 -1 46 -1 46 -1 10 -1 #SUP: 89
356 -1 10 -1 46 -1 46 -1 10 -1 46 -1 #SUP: 60
356 -1 10 -1 46 -1 46 -1 10 -1 10 -1 #SUP: 51
356 -1 10 -1 46 -1 46 -1 46 -1 #SUP: 64
356 -1 10 -1 46 -1 38 -1 #SUP: 53
356 -1 10 -1 46 -1 22 -1 #SUP: 67
356 -1 10 -1 456 -1 #SUP: 60
356 -1 10 -1 125 -1 #SUP: 55
356 -1 10 -1 406 -1 #SUP: 82
356 -1 10 -1 392 -1 #SUP: 61
356 -1 10 -1 41 -1 #SUP: 53
356 -1 10 -1 121 -1 #SUP: 58
356 -1 10 -1 22 -1 #SUP: 128
356 -1 10 -1 22 -1 10 -1 #SUP: 85
356 -1 10 -1 22 -1 31 -1 #SUP: 50
356 -1 10 -1 22 -1 46 -1 #SUP: 52
356 -1 10 -1 61 -1 #SUP: 60
356 -1 10 -1 267 -1 #SUP: 62
356 -1 10 -1 384 -1 #SUP: 52
356 -1 10 -1 43 -1 #SUP: 53
356 -1 15 -1 #SUP: 92
356 -1 783 -1 #SUP: 64
356 -1 150 -1 #SUP: 164
356 -1 150 -1 10 -1 #SUP: 86
356 -1 150 -1 10 -1 46 -1 #SUP: 50
356 -1 150 -1 31 -1 #SUP: 56
356 -1 150 -1 46 -1 #SUP: 60
356 -1 23 -1 #SUP: 83
356 -1 23 -1 10 -1 #SUP: 50
356 -1 31 -1 #SUP: 426
356 -1 31 -1 8 -1 #SUP: 105
356 -1 31 -1 8 -1 10 -1 #SUP: 55
356 -1 31 -1 10 -1 #SUP: 239
356 -1 31 -1 10 -1 10 -1 #SUP: 131
356 -1 31 -1 10 -1 10 -1 10 -1 #SUP: 67
356 -1 31 -1 10 -1 10 -1 46 -1 #SUP: 67
356 -1 31 -1 10 -1 10 -1 31 -1 #SUP: 55
356 -1 31 -1 10 -1 31 -1 #SUP: 102
356 -1 31 -1 10 -1 31 -1 10 -1 #SUP: 70
356 -1 31 -1 10 -1 31 -1 31 -1 #SUP: 50
356 -1 31 -1 10 -1 46 -1 #SUP: 143
356 -1 31 -1 10 -1 46 -1 10 -1 #SUP: 87
356 -1 31 -1 10 -1 46 -1 31 -1 #SUP: 53
356 -1 31 -1 150 -1 #SUP: 59
356 -1 31 -1 31 -1 #SUP: 188
356 -1 31 -1 31 -1 10 -1 #SUP: 103
356 -1 31 -1 31 -1 10 -1 10 -1 #SUP: 59
356 -1 31 -1 31 -1 10 -1 31 -1 #SUP: 55
356 -1 31 -1 31 -1 10 -1 46 -1 #SUP: 50
356 -1 31 -1 31 -1 31 -1 #SUP: 94
356 -1 31 -1 31 -1 31 -1 10 -1 #SUP: 50
356 -1 31 -1 31 -1 46 -1 #SUP: 62
356 -1 31 -1 38 -1 #SUP: 100
356 -1 31 -1 38 -1 10 -1 #SUP: 56
356 -1 31 -1 46 -1 #SUP: 182
356 -1 31 -1 46 -1 10 -1 #SUP: 105
356 -1 31 -1 46 -1 10 -1 46 -1 #SUP: 53
356 -1 31 -1 46 -1 10 -1 10 -1 #SUP: 60
356 -1 31 -1 46 -1 31 -1 #SUP: 70
356 -1 31 -1 46 -1 46 -1 #SUP: 62
356 -1 31 -1 456 -1 #SUP: 51
356 -1 31 -1 125 -1 #SUP: 61
356 -1 31 -1 22 -1 #SUP: 82
356 -1 31 -1 22 -1 10 -1 #SUP: 50
356 -1 31 -1 121 -1 #SUP: 53
356 -1 31 -1 61 -1 #SUP: 53
356 -1 38 -1 #SUP: 201
356 -1 38 -1 10 -1 #SUP: 126
356 -1 38 -1 10 -1 10 -1 #SUP: 74
356 -1 38 -1 10 -1 31 -1 #SUP: 54
356 -1 38 -1 10 -1 46 -1 #SUP: 82
356 -1 38 -1 31 -1 #SUP: 96
356 -1 38 -1 31 -1 10 -1 #SUP: 53
356 -1 38 -1 46 -1 #SUP: 88
356 -1 427 -1 #SUP: 56
356 -1 46 -1 #SUP: 380
356 -1 46 -1 8 -1 #SUP: 85
356 -1 46 -1 8 -1 10 -1 #SUP: 52
356 -1 46 -1 10 -1 #SUP: 260
356 -1 46 -1 10 -1 31 -1 #SUP: 116
356 -1 46 -1 10 -1 31 -1 10 -1 #SUP: 79
356 -1 46 -1 10 -1 31 -1 31 -1 #SUP: 50
356 -1 46 -1 10 -1 31 -1 46 -1 #SUP: 56
356 -1 46 -1 10 -1 46 -1 #SUP: 159
356 -1 46 -1 10 -1 46 -1 10 -1 #SUP: 96
356 -1 46 -1 10 -1 46 -1 10 -1 46 -1 #SUP: 58
356 -1 46 -1 10 -1 46 -1 10 -1 10 -1 #SUP: 55
356 -1 46 -1 10 -1 46 -1 31 -1 #SUP: 55
356 -1 46 -1 10 -1 46 -1 46 -1 #SUP: 64
356 -1 46 -1 10 -1 10 -1 #SUP: 150
356 -1 46 -1 10 -1 10 -1 31 -1 #SUP: 58
356 -1 46 -1 10 -1 10 -1 10 -1 #SUP: 89
356 -1 46 -1 10 -1 10 -1 10 -1 46 -1 #SUP: 50
356 -1 46 -1 10 -1 10 -1 46 -1 #SUP: 89
356 -1 46 -1 10 -1 10 -1 46 -1 10 -1 #SUP: 61
356 -1 46 -1 10 -1 22 -1 #SUP: 61
356 -1 46 -1 150 -1 #SUP: 52
356 -1 46 -1 31 -1 #SUP: 185
356 -1 46 -1 31 -1 10 -1 #SUP: 115
356 -1 46 -1 31 -1 10 -1 10 -1 #SUP: 63
356 -1 46 -1 31 -1 10 -1 46 -1 #SUP: 69
356 -1 46 -1 31 -1 31 -1 #SUP: 82
356 -1 46 -1 31 -1 46 -1 #SUP: 86
356 -1 46 -1 31 -1 46 -1 10 -1 #SUP: 53
356 -1 46 -1 46 -1 #SUP: 178
356 -1 46 -1 46 -1 10 -1 #SUP: 108
356 -1 46 -1 46 -1 10 -1 46 -1 #SUP: 69
356 -1 46 -1 46 -1 10 -1 10 -1 #SUP: 60
356 -1 46 -1 46 -1 46 -1 #SUP: 77
356 -1 46 -1 46 -1 31 -1 #SUP: 62
356 -1 46 -1 38 -1 #SUP: 67
356 -1 46 -1 22 -1 #SUP: 81
356 -1 46 -1 22 -1 10 -1 #SUP: 56
356 -1 456 -1 #SUP: 120
356 -1 456 -1 10 -1 #SUP: 71
356 -1 456 -1 31 -1 #SUP: 50
356 -1 738 -1 #SUP: 289
356 -1 738 -1 8 -1 #SUP: 98
356 -1 738 -1 8 -1 10 -1 #SUP: 60
356 -1 738 -1 10 -1 #SUP: 220
356 -1 738 -1 10 -1 8 -1 #SUP: 53
356 -1 738 -1 10 -1 10 -1 #SUP: 150
356 -1 738 -1 10 -1 10 -1 10 -1 #SUP: 92
356 -1 738 -1 10 -1 10 -1 10 -1 10 -1 #SUP: 55
356 -1 738 -1 10 -1 10 -1 31 -1 #SUP: 64
356 -1 738 -1 10 -1 10 -1 46 -1 #SUP: 90
356 -1 738 -1 10 -1 10 -1 46 -1 10 -1 #SUP: 65
356 -1 738 -1 10 -1 31 -1 #SUP: 116
356 -1 738 -1 10 -1 31 -1 10 -1 #SUP: 71
356 -1 738 -1 10 -1 31 -1 31 -1 #SUP: 51
356 -1 738 -1 10 -1 46 -1 #SUP: 134
356 -1 738 -1 10 -1 46 -1 10 -1 #SUP: 101
356 -1 738 -1 10 -1 46 -1 10 -1 46 -1 #SUP: 61
356 -1 738 -1 10 -1 46 -1 10 -1 10 -1 #SUP: 59
356 -1 738 -1 10 -1 46 -1 31 -1 #SUP: 61
356 -1 738 -1 10 -1 46 -1 46 -1 #SUP: 63
356 -1 738 -1 10 -1 22 -1 #SUP: 56
356 -1 738 -1 150 -1 #SUP: 80
356 -1 738 -1 31 -1 #SUP: 175
356 -1 738 -1 31 -1 10 -1 #SUP: 98
356 -1 738 -1 31 -1 10 -1 10 -1 #SUP: 59
356 -1 738 -1 31 -1 10 -1 46 -1 #SUP: 58
356 -1 738 -1 31 -1 31 -1 #SUP: 82
356 -1 738 -1 31 -1 46 -1 #SUP: 71
356 -1 738 -1 38 -1 #SUP: 77
356 -1 738 -1 46 -1 #SUP: 151
356 -1 738 -1 46 -1 10 -1 #SUP: 111
356 -1 738 -1 46 -1 10 -1 10 -1 #SUP: 71
356 -1 738 -1 46 -1 10 -1 46 -1 #SUP: 68
356 -1 738 -1 46 -1 31 -1 #SUP: 72
356 -1 738 -1 46 -1 46 -1 #SUP: 71
356 -1 738 -1 46 -1 46 -1 10 -1 #SUP: 51
356 -1 738 -1 113 -1 #SUP: 52
356 -1 738 -1 719 -1 #SUP: 58
356 -1 738 -1 267 -1 #SUP: 86
356 -1 738 -1 267 -1 10 -1 #SUP: 50
356 -1 738 -1 14 -1 #SUP: 55
356 -1 738 -1 22 -1 #SUP: 92
356 -1 738 -1 22 -1 10 -1 #SUP: 56
356 -1 356 -1 #SUP: 108
356 -1 356 -1 10 -1 #SUP: 77
356 -1 356 -1 10 -1 10 -1 #SUP: 60
356 -1 356 -1 10 -1 46 -1 #SUP: 56
356 -1 356 -1 31 -1 #SUP: 68
356 -1 356 -1 46 -1 #SUP: 63
356 -1 356 -1 46 -1 10 -1 #SUP: 51
356 -1 748 -1 #SUP: 53
356 -1 113 -1 #SUP: 106
356 -1 113 -1 10 -1 #SUP: 61
356 -1 113 -1 31 -1 #SUP: 57
356 -1 125 -1 #SUP: 102
356 -1 125 -1 10 -1 #SUP: 60
356 -1 125 -1 31 -1 #SUP: 54
356 -1 1585 -1 #SUP: 59
356 -1 669 -1 #SUP: 134
356 -1 669 -1 10 -1 #SUP: 62
356 -1 669 -1 46 -1 #SUP: 53
356 -1 669 -1 31 -1 #SUP: 60
356 -1 22 -1 #SUP: 221
356 -1 22 -1 10 -1 #SUP: 132
356 -1 22 -1 10 -1 10 -1 #SUP: 58
356 -1 22 -1 10 -1 46 -1 #SUP: 72
356 -1 22 -1 10 -1 31 -1 #SUP: 50
356 -1 22 -1 38 -1 #SUP: 52
356 -1 22 -1 46 -1 #SUP: 90
356 -1 22 -1 46 -1 10 -1 #SUP: 53
356 -1 22 -1 22 -1 #SUP: 50
356 -1 22 -1 31 -1 #SUP: 92
356 -1 22 -1 31 -1 10 -1 #SUP: 51
356 -1 384 -1 #SUP: 103
356 -1 43 -1 #SUP: 105
356 -1 43 -1 10 -1 #SUP: 64
356 -1 59 -1 #SUP: 103
356 -1 2373 -1 #SUP: 51
356 -1 77 -1 #SUP: 50
356 -1 668 -1 #SUP: 50
356 -1 406 -1 #SUP: 96
356 -1 406 -1 10 -1 #SUP: 50
356 -1 719 -1 #SUP: 86
356 -1 719 -1 150 -1 #SUP: 51
356 -1 121 -1 #SUP: 106
356 -1 121 -1 31 -1 #SUP: 51
356 -1 392 -1 #SUP: 81
356 -1 267 -1 #SUP: 166
356 -1 267 -1 10 -1 #SUP: 94
356 -1 267 -1 10 -1 10 -1 #SUP: 51
356 -1 267 -1 10 -1 46 -1 #SUP: 53
356 -1 267 -1 31 -1 #SUP: 79
356 -1 267 -1 46 -1 #SUP: 66
356 -1 14 -1 #SUP: 95
356 -1 14 -1 10 -1 #SUP: 59
356 -1 41 -1 #SUP: 103
356 -1 41 -1 10 -1 #SUP: 58
356 -1 91 -1 #SUP: 52
356 -1 61 -1 #SUP: 126
356 -1 61 -1 10 -1 #SUP: 66
356 -1 61 -1 31 -1 #SUP: 58
356 -1 61 -1 46 -1 #SUP: 54
356 -1 72 -1 #SUP: 57
356 -1 78 -1 #SUP: 86
356 -1 78 -1 10 -1 #SUP: 51
356 -1 62 -1 #SUP: 58
356 -1 246 -1 #SUP: 52
356 -1 55 -1 #SUP: 80
356 -1 446 -1 #SUP: 53
356 -1 218 -1 #SUP: 88
356 -1 218 -1 10 -1 #SUP: 59
356 -1 116 -1 #SUP: 51
356 -1 188 -1 #SUP: 50
106 -1 #SUP: 57
748 -1 #SUP: 72
113 -1 #SUP: 157
113 -1 10 -1 #SUP: 84
113 -1 31 -1 #SUP: 76
113 -1 46 -1 #SUP: 52
374 -1 #SUP: 56
125 -1 #SUP: 133
125 -1 10 -1 #SUP: 72
125 -1 31 -1 #SUP: 69
125 -1 46 -1 #SUP: 56
1585 -1 #SUP: 73
669 -1 #SUP: 184
669 -1 10 -1 #SUP: 83
669 -1 46 -1 #SUP: 64
669 -1 31 -1 #SUP: 78
669 -1 62 -1 #SUP: 50
33 -1 #SUP: 51
72 -1 #SUP: 78
328 -1 #SUP: 62
384 -1 #SUP: 142
384 -1 31 -1 #SUP: 65
384 -1 10 -1 #SUP: 60
41 -1 #SUP: 135
41 -1 10 -1 #SUP: 68
41 -1 46 -1 #SUP: 52
570 -1 #SUP: 59
323 -1 #SUP: 52
2373 -1 #SUP: 69
116 -1 #SUP: 71
2099 -1 #SUP: 50
22 -1 #SUP: 286
22 -1 8 -1 #SUP: 59
22 -1 10 -1 #SUP: 159
22 -1 10 -1 10 -1 #SUP: 68
22 -1 10 -1 46 -1 #SUP: 85
22 -1 10 -1 31 -1 #SUP: 54
22 -1 267 -1 #SUP: 53
22 -1 38 -1 #SUP: 66
22 -1 46 -1 #SUP: 106
22 -1 46 -1 10 -1 #SUP: 62
22 -1 22 -1 #SUP: 59
22 -1 31 -1 #SUP: 103
22 -1 31 -1 10 -1 #SUP: 57
43 -1 #SUP: 135
43 -1 46 -1 #SUP: 53
43 -1 31 -1 #SUP: 58
43 -1 10 -1 #SUP: 76
59 -1 #SUP: 143
59 -1 10 -1 #SUP: 59
668 -1 #SUP: 72
77 -1 #SUP: 52
111 -1 #SUP: 62
127 -1 #SUP: 55
406 -1 #SUP: 122
406 -1 46 -1 #SUP: 51
406 -1 10 -1 #SUP: 54
719 -1 #SUP: 99
719 -1 150 -1 #SUP: 58
121 -1 #SUP: 141
121 -1 31 -1 #SUP: 62
392 -1 #SUP: 98
267 -1 #SUP: 219
267 -1 8 -1 #SUP: 53
267 -1 10 -1 #SUP: 128
267 -1 10 -1 10 -1 #SUP: 68
267 -1 10 -1 46 -1 #SUP: 69
267 -1 22 -1 #SUP: 54
267 -1 31 -1 #SUP: 105
267 -1 38 -1 #SUP: 59
267 -1 46 -1 #SUP: 86
267 -1 46 -1 10 -1 #SUP: 50
14 -1 #SUP: 142
14 -1 10 -1 #SUP: 77
14 -1 31 -1 #SUP: 55
2123 -1 #SUP: 57
91 -1 #SUP: 64
61 -1 #SUP: 159
61 -1 10 -1 #SUP: 78
61 -1 31 -1 #SUP: 67
61 -1 46 -1 #SUP: 64
78 -1 #SUP: 119
78 -1 10 -1 #SUP: 71
78 -1 31 -1 #SUP: 57
78 -1 46 -1 #SUP: 54
188 -1 #SUP: 62
24 -1 #SUP: 51
218 -1 #SUP: 116
218 -1 10 -1 #SUP: 76
62 -1 #SUP: 83
51 -1 #SUP: 51
246 -1 #SUP: 67
55 -1 #SUP: 152
55 -1 10 -1 #SUP: 86
55 -1 31 -1 #SUP: 53
55 -1 46 -1 #SUP: 52
446 -1 #SUP: 64
16 -1 #SUP: 58
